Artist,Item,Collab,Images,Category,Sub-Category,Price,Year
Aphex Twin,Umbrella,,"Bible%20Merch%20Database%2003631438603948379ba79271f1fa11d1/image_f790a596-0173-4f96-bc43-07ca4691265c_1296x.webp, Bible%20Merch%20Database%2003631438603948379ba79271f1fa11d1/image_9c66774a-46e0-425c-852d-e79b939ad6fd_1296x.webp",Items,Umbrella,,2018
Battles,Slogan: I Have Battles in My Life,,,Apparel,T-Shirt,,
Daft Punk,Christmas baubles,,Bible%20Merch%20Database%2003631438603948379ba79271f1fa11d1/Daft-Punk-2017-Ornament-Set-1.jpg,Items,Christmas,,2017
IDLES,Christmas t-shirt,,Bible%20Merch%20Database%2003631438603948379ba79271f1fa11d1/320514690_1156797568287882_7916593348275134093_n.jpg,Apparel,T-Shirt,,2022
Jerk Store,,,,,,,
Kindred Radio,Spirit level or vinyl,,,Items,Accessories,,2023
Liam Gallagher,Public transport tannoy announcements in Manchester,,,,,,
Radiohead,Advent calendar,,Bible%20Merch%20Database%2003631438603948379ba79271f1fa11d1/399105251_330130622962075_3646966542629809205_n.jpg,Items,Christmas,£20.00,2023
Radiohead,Christmas baubles,,Bible%20Merch%20Database%2003631438603948379ba79271f1fa11d1/398582580_317517357881388_4902226370238359940_n.jpg,Items,Christmas,£15.00,2023
slowthai,Hand painted vinyl sleeves,,,Formats,Vinyl,,2023
slowthai,Diamante t-shirt,,,Apparel,T-Shirt,,2023
slowthai,Bone incense burner,,,Items,Lifestyle,,
slowthai,Coin,,,Items,Accessories,,
slowthai,Key,,Bible%20Merch%20Database%2003631438603948379ba79271f1fa11d1/slothai__Key_Merch.png,Items,Accessories,,
slowthai,Russian Dolls,,,Items,Figure,,2021
slowthai,Boxer shorts,,,Apparel,Underwear,,
slowthai,Fuck Boris t-shirt,,,Apparel,T-Shirt,,2019
slowthai,Carlsberg t-shirt,,,Apparel,T-Shirt,,
slowthai,Limited t-shirt,Corteiz,,Apparel,T-Shirt,,2023
Supreme,New York subway cards,,"Bible%20Merch%20Database%2003631438603948379ba79271f1fa11d1/14716588_765856813563596_2322790559321686016_n.jpg, Bible%20Merch%20Database%2003631438603948379ba79271f1fa11d1/16583788_217320075402994_1704263011830595584_n.jpg",Items,Travel,,2017
Tesco,Tesco Clubcard QR code,,"Bible%20Merch%20Database%2003631438603948379ba79271f1fa11d1/Screenshot_2023-10-16_at_16.57.28.png, Bible%20Merch%20Database%2003631438603948379ba79271f1fa11d1/Screenshot_2023-10-16_at_16.57.24.png, Bible%20Merch%20Database%2003631438603948379ba79271f1fa11d1/Screenshot_2023-10-16_at_16.57.55.png, Bible%20Merch%20Database%2003631438603948379ba79271f1fa11d1/Screenshot_2023-10-16_at_16.58.04.png",,,,2023
https://superplastic.co/Weeknd,Doll collaboration,Suplerplastic,"Bible%20Merch%20Database%2003631438603948379ba79271f1fa11d1/23_TheWeeknd_OxyGreen_ProductCarousel_1000x1000_BOX.webp, Bible%20Merch%20Database%2003631438603948379ba79271f1fa11d1/23_TheWeeknd_OxyGreen_ProductCarousel_1000x1000_FRONT.webp",Items,Figure,£125.00,2023
Various,"Vinyl, Me Please collaboration ",,,,,,